  0.121048040423375     
  0.899314196702107     
  0.745857827379041     
  0.866905867802416     
   1.55653231255747     
  0.217012419396269     
  0.778266156278733     
  0.866905867802416     
  0.624809786955666     
  0.778266156278733     
  0.108506209698135     
  0.108506209698135     
  0.624809786955666     
  0.108506209698135     
  0.108506209698135     
  0.108506209698135     
   1.76736387428718     
  0.866905867802416     
   1.33333903549465     
  0.108506209698135     
  0.778266156278733     
   1.33333903549465     
  0.108506209698135     
  0.429058665894445     
   1.55653231255747     
  0.778266156278733     
  0.624809786955666     
   1.33333903549465     
  0.108506209698135     
  0.108506209698135     
  0.217012419396269     
  0.108506209698135     
  0.866905867802416     
  0.217012419396269     
  0.866905867802416     
   1.33333903549465     
  0.745857827379041     
  0.778266156278733     
  0.778266156278733     
  0.429058665894445     
  0.108506209698135     
  0.217012419396269     
  0.745857827379041     
   1.33333903549465     
  0.778266156278733     
  0.108506209698135     
   1.55653231255747     
  0.624809786955666     
  0.745857827379041     
  0.866905867802416     
   1.33333903549465     
  0.778266156278733     
  0.434024838792539     
  0.778266156278733     
  0.866905867802416     
  0.866905867802416     
  0.624809786955666     
  0.434024838792539     
  0.778266156278733     
  0.108506209698135     
  0.108506209698135     
  0.108506209698135     
  0.899314196702107     
  0.121048040423375     
  0.121048040423375     
  0.108506209698135     
  0.108506209698135     
  0.745857827379041     
  0.108506209698135     
  0.108506209698135     
  0.745857827379041     
  0.217012419396269     
  0.108506209698135     
  0.108506209698135     
  0.899314196702107     
  0.866905867802416     
  0.624809786955666     
  0.778266156278733     
   1.76736387428718     
  0.434024838792539     
  0.899314196702107     
  0.108506209698135     
   1.76736387428718     
  0.778266156278733     
   1.76736387428718     
  0.434024838792539     
  0.108506209698135     
  0.866905867802416     
  0.778266156278733     
   2.45584650925957     
  0.108506209698135     
  0.108506209698135     
  0.899314196702107     
  0.778266156278733     
  0.108506209698135     
  0.121048040423375     
  0.866905867802416     
  0.516303577257531     
  0.778266156278733     
  0.108506209698135     
